-4.898990
-4.797980
-4.696970
-4.595960
-4.494949
-4.393939
-4.292929
-4.191919
-4.090909
-3.989899
-3.888889
-3.787879
-3.686869
-3.585859
-3.484848
-3.383838
-3.282828
-3.181818
-3.080808
-2.979798
-2.878788
-2.777778
-2.676768
-2.575758
-2.474747
-2.373737
-2.272727
-2.171717
-2.070707
-1.969697
-1.868687
-1.767677
-1.666667
-1.565657
-1.464646
-1.363636
-1.262626
-1.161616
-1.060606
-0.959596
-0.858586
-0.757576
-0.656566
-0.555556
-0.454545
-0.353535
-0.252525
-0.151515
-0.050505
0.050505
0.151515
0.252525
0.353535
0.454545
0.555556
0.656566
0.757576
0.858586
0.959596
1.060606
1.161616
1.262626
1.363636
1.464646
1.565657
1.666667
1.767677
1.868687
1.969697
2.070707
2.171717
2.272727
2.373737
2.474747
2.575758
2.676768
2.777778
2.878788
2.979798
3.080808
3.181818
3.282828
3.383838
3.484848
3.585859
3.686869
3.787879
3.888889
3.989899
4.090909
4.191919
4.292929
4.393939
4.494949
4.595960
4.696970
4.797980
4.898990
